24049987
45677078
52210396
21071845
44697045
27550839
36139801
19529511
20573768
65227634
19898783
20323336
28052021
23423070
20564599
20607801
21001130
19524719
38584693
22633277
22447540
71347673
41521265
21310977
22493694
21800660
22325769
37778286
69868140
157126
220354
282453
21729191
52230158
34148603
27931851
52230157
19479122
20042785
43825991
58717498
53426921
22275693
19923074
22136916
18994167
37067072
21999355
22910599
33037228
35454505
61000543
70038069
19846786
19603282
20228479
19783349
22731886
25172606
22641992
23402049
20656837
24881564
22487013
27581458
26316897
20729909
23717728
46517338
38436818
20308708
19338119
19531813
19538899
22709393
75637256
23140393
20322986
19751358
19642904
35310042
41529116
20429674
37802452
32757007
19154570
19151853
28396893
76406887
27408923
29208082
19828997
19708052
23865193
20965425
19142270
46000405
38848486
49055793
20828788
20598334
52199791
20412771
27427030
57287380
21418085
44246839
30115925
31500285
23436923
44256807
19467621
25532701
32317426
23267851
21469743
20783177
23717140
23026014
20277878
42808417
22503827
21886914
44256793
44246817
89332
36804632
21215626
32397119
52187284
23322515
19458355
22371049
22783375
33678783
292470
20782709
44830612
61286927
234432
19671824
19331430
62037423
19474104
37017000
23465881
28801548
33578286
27426799
19683616
21653685
20610206
37748436
42075701
20624726
20881158
23278439
20906293
19789802
19859377
22322085
19243648
22683386
23655575
27280935
21681171
38510066
35047682
19418102
32072502
21687341
36807362
52230164
20162871
20542959
44738810
19543261
19017368
25875433
44748697
52312462
19987785
19477866
34593991
22676062
21112717
58717497
38566659
42181491
41531985
44256841
52230163
51490846
23717587
40956922
20313290
71137717
72890515
44246835
20492973
