2712005
1562737
5228315
3265119
35690627
3651377
31301623
4963783
8201453
3024109
2339909
1091187
1779578
3141276
4425901
1870826
10080249
3409046
3649533
5686670
32160260
12132641
20600284
2122961
22033662
1401545
7941870
32190126
17533669
34490129
25330528
24951455
21031902
9112012
2716219
13802496
31350936
5090851
2031907
36760124
29341663
2165234
5290661
2577586
1956986
6945873
1718243
22071749
2429692
4437497
4152697
4585559
2060871
11151197
1762207
39000125
21894104
10668923
1768735
5151686
19523335
4959450
32075678
2490620
3238518
33770233
32180125
12022069
1455261
3851723
17596207
3787807
8878386
1417215
3200686
1613056
3298670
13684896
23064588
25301734
26473035
3695029
2713419
1096720
6972873
1135567
1252821
27971322
38532544
1405728
9680472
5231615
32150260
3791400
5992425
39010127
2706560
4211147
22821119
22803450
34480133
14170233
9337332
5356799
1499834
32922003
3941406
1796100
28410882
2117862
3707717
1215275
30171008
23884037
5599899
8550362
32471058
28920777
2344559
4143537
3153049
2578009
8970627
36150140
2221546
3197002
3633510
2092723
4162327
4460427
1244018
34180971
23590137
8361277
7895259
1621881
34470129
17770168
6140824
2807897
9652867
23524883
8342164
2066601
2778152
3824700
2060159
1453183
18741664
32180247
9081041
3263292
3186703
13931178
1405643
12641313
37150130
2005338
1255867
10030815
1560617
1229790
8881271
32150261
6080222
8602299
1196243
3133805
3349958
11075052
1420908
22630673
2425014
21390140
11112420
8362939
3979503
1252130
2009579
10034051
9348912
6040603
12680479
2493015
7915194
1099756
3654706
17595057
1881895
4014327
16331023
3052384
2862747
9028977
33042201
8111597
2752138
7816175
3238847
2481136
