4558228
8723177
34490124
13481803
2928257
2857774
10073827
34960922
2801151
32190267
23085377
24910546
4530875
1355770
8246281
8750879
1761453
2396637
1130167
31182407
29941255
34120124
4084307
8520716
3954877
32150134
5325193
1724554
20450514
11652537
3907552
1967707
10403482
2145918
1998430
1364970
39390124
10704152
22013336
2360301
6976361
2388355
1508361
8665511
1101016
6931771
3003363
7841495
7735748
19340512
7402506
3440681
26691029
1216715
39350126
7171622
8625001
3989033
29851496
33012157
4847747
9894423
18602005
4111141
1993135
3073536
36930722
37610262
4881518
1252979
32180252
7350825
3367629
1719607
33281819
1634555
26181366
23084240
36861249
5186475
10150520
8914267
2271303
37960539
24400852
31710943
4916896
5675317
32200266
2408311
4435017
11943292
11425677
3950424
1594796
11428064
9740559
5042376
2749828
5083415
13470877
19615477
2528413
3742422
5628450
32170242
29292327
5614917
35801706
11355206
2148196
11318281
16300317
9658830
4584603
17711209
32180237
11091365
2078625
9601733
1610986
7980436
32240799
22460937
1567183
1995678
8976881
32135278
8490308
5734285
35481186
1461258
24180141
28552004
38031625
4579292
4928607
1555704
30490260
30510370
1401516
2221719
5219549
10432805
28871541
5780473
2719683
36711190
1673066
11571471
1983448
3225464
34490127
37750750
25241118
1715680
23612710
5194906
9882091
1096420
1423131
2347143
15890812
17976444
1263740
2701045
10782131
3853671
18890469
6042793
20020423
32150263
3909267
1225425
1164825
1412967
18194200
18581121
3441358
3437729
37760301
1561528
23646156
10078528
36741467
3803655
5852817
1861025
32180248
6974388
26512697
1833321
3144540
6761042
8890297
38550550
27691177
5273226
9226995
11934429
2910581
17140249
4475854
2883524
7866763
5643184
28220416
2722948
5941004
11398805
2528997
2188237
1317404
2805990
30863261
35332457
13220418
3704219
20750411
2343292
35780382
1452583
3489386
3492450
12640456
9057036
9100473
2521310
2190492
34260312
3133021
31681276
3011828
4542720
1184403
22171092
14140768
5075090
19402246
29080244
16800637
1631284
7631002
2069313
4380365
12910223
7382965
1521819
1210371
4134517
27841067
9044576
2930227
3941091
4413173
3712442
31351259
4024906
5121722
7015809
27410275
7005689
1946041
4585685
1242170
2854950
2892286
4733702
25190381
2353685
9377985
9769198
3697127
5710077
13933615
2759230
3431259
2465011
11847335
7004287
14650189
17131612
2920394
17793984
5110527
3312564
38980129
3138248
2034592
3412304
6773508
10396142
1225219
4282064
1346490
27390418
1733647
24690148
18330540
5311743
1407426
12021361
10668272
3324126
1132582
4868388
34500129
33270546
24913137
29890126
8932314
16060324
1423451
2062186
2522392
1749635
4907562
2437879
1892283
1450792
4342200
3323260
8325317
8885950
3859371
28461857
10534430
13773155
3429822
1686818
5672079
2948065
3458580
10676364
4763594
8621374
38980127
5571856
2857683
9004218
4565459
24350958
9607917
5214794
11399580
4774282
5560971
4965764
6724483
28131235
2187036
4910270
22041668
3361234
37050631
22850896
1266976
9285383
7896030
3084321
2946932
37650160
1815464
10044587
5102237
7942386
1266595
2401825
24170200
17542480
9108312
4742882
17942126
5635687
5229286
3988701
2395176
2758176
1287899
20641122
4292646
39380124
2135609
6002796
17965195
4654387
36791326
28742441
1563336
17784608
34291680
29340249
5560759
3666484
32860310
3844966
25982630
10880273
1543626
18115136
3877477
34161478
2149611
1233048
3174415
11294732
1097326
1132347
28951157
1294996
32200261
22160759
5145847
2129072
8294812
1095231
38160601
11115783
2221899
3757020
2867787
27861390
12370563
34110125
1303549
3121800
2101963
26022236
31251790
9074647
29931070
3084078
29761618
3387100
1407660
3900439
2534533
22561200
10143432
26592645
6821440
3847392
32160271
9366692
5830195
1245087
4480820
38970131
7919678
3915465
11333903
21320363
17616353
3181583
20880995
3584479
1950138
33270895
10552203
35750206
24052772
1150203
7621488
38141779
4001666
35481038
8396365
9872658
9893395
9994689
13962132
16810685
3619971
20171136
5657821
3450191
18992528
2765518
8397260
31313189
28862717
3387117
4501290
1442769
18852132
1222794
4361981
23100682
7791613
2791318
3305086
2466512
2064685
13412211
13530337
5297409
9073189
5269348
1185121
5615020
21081300
5016221
4722272
8471153
30520548
1643352
17840534
2527428
1658289
2000928
38980126
2361605
19230450
4463533
1180166
5400914
34631483
1190963
1323508
36191001
36851126
13541705
7313800
32710549
1772578
7353740
30831705
28770529
25070734
1594284
6952149
3777787
1787224
1651289
14031773
2338946
34690137
13180302
31810171
10841263
25900219
1650519
2405432
14390469
2011008
37160129
29551545
2476829
18960733
1106901
3658991
17530894
1305791
17692376
22211046
3845421
1620025
35781732
6013197
1290281
4342169
32180249
11437549
1779379
4003560
5003899
12090849
6986148
19240317
23606470
9810634
7870364
9161456
5990906
11842393
39380126
9178875
3751174
1160170
7272492
4110666
22810530
2016733
10116073
39380125
6905088
2858632
6250247
23026061
9090665
38442616
4661845
2841078
11943987
1175994
3636121
6793930
2358037
4273046
13862650
17952369
4231925
2342417
11932465
5304167
1930299
38970128
5587801
1513290
6150256
2336922
26472690
30933014
34780477
10005391
13634863
2499997
4028066
21731121
1872558
7480670
38840969
13594360
26601351
31211482
16910609
5633232
1096148
20850261
5600448
1321590
2730142
6140295
34410147
3823855
28742316
26071946
11731294
3175381
5232815
1703562
13462449
2534421
11329441
10979767
7334685
1312409
5220348
1287088
38701029
17876074
1949796
38830466
2833444
4962763
8665418
4742952
3634729
9092114
31901965
1492136
4819337
4027195
7655986
4281453
3687076
1956510
30910678
17835483
32200265
2169321
5213647
17972105
20380319
38970126
20730384
11932935
2483035
11353013
10261605
10533110
22752120
6910520
1375484
1762615
20331358
5120981
31770161
13671632
5152200
8721225
1818279
1639882
8271630
2210957
1106401
4601467
3176837
1932651
1999080
25111453
1757681
8912576
1713163
4578337
2419801
20522523
22361159
12681445
1253437
20960197
17581955
28890401
13955410
4558752
11757583
3221198
3983086
7053416
1648137
4436387
39010129
32200271
17141265
1513764
33291093
21964516
4886946
1623510
1988864
19221929
5150884
5802440
1315965
25991194
3607672
27991930
33141582
6901040
2063557
4294219
8602298
1736846
34500134
2424907
22231139
3342057
2888045
7653689
4060043
2930707
8954389
9276744
13925232
20160586
30932025
6220337
34420794
1736864
9006916
1518380
1093841
1419518
8674332
23754621
4424743
9688320
2060315
3424370
27821808
1561975
8440647
11996548
8386581
4939570
18234317
3479390
36890640
3100487
3453576
1240502
32180251
36601212
7015674
1110551
3964487
5292718
10488457
32146077
24170144
8726385
1797513
4922508
2541002
11369276
8834525
2436987
9998481
9135786
2220682
1253608
26571369
2163799
10200410
3921948
4730349
1097089
24180142
21310540
8651938
17410476
1161526
1246593
1142380
19610191
1612756
12182163
2484840
22821120
7023550
5275809
32034308
9137295
1250567
32160259
28541451
4294013
38930496
1397152
17638133
8891325
7057793
8901360
21190526
1175092
21852346
1457070
32731679
1224858
2006507
17840385
3300735
17760404
27251248
12090689
3444825
5236131
1971751
9109149
3110781
25520247
2819782
21200124
32170246
4664291
17806157
2333257
10056485
2939263
2089343
2449511
10588696
17850577
39010126
28020835
5730243
11093111
1340461
36700695
1231312
6915920
1458122
8704290
1380319
1940491
10550665
23060539
25830904
1347564
13911044
13583512
3145260
12120287
14130852
3675325
1377665
5220861
10024775
1215171
2088485
7004466
36621220
8230083
1531526
8318220
34461452
18752168
30122151
11892449
3949745
22834026
4578496
2791392
3124057
13574780
20320534
30202240
4033727
28080129
12330647
8858226
12671398
5025026
2038028
4384007
17936369
1422872
5130915
3767505
1240028
6937800
23755659
18242198
7251172
22441180
6891973
9253569
25532087
29880137
9756485
10391190
4613488
35980130
36690266
5334481
4664938
1788440
1296022
3339664
32190266
3639091
1562021
1360896
25760446
2124511
7610762
34570381
1619204
1754593
11342198
1173373
2580719
32460905
8161060
2771843
