65809586
51802872
22277779
32622871
36911333
69301989
24777351
22416752
22991489
21498922
19682819
29304603
23557909
20726321
32002853
20451431
22005573
39909593
21402067
21747804
22140119
20411671
19770082
22403576
398566
58060767
68479260
65409100
30266347
19855198
20941323
20408688
32361559
40999945
200553
31804754
21903966
47008091
19637662
20239565
65989131
20706861
19209176
69099222
21883744
30255016
26463128
43146839
19063356
24629541
68411427
37876161
69399083
24332462
57539163
23765764
19665819
59685
294827
4297
20833616
20823651
27794083
26314816
47440179
22076548
19202854
34287847
22951043
21608827
38839329
23047261
22949200
19887289
19616469
22216718
32932398
22058902
65409096
25935242
21390175
21124626
56397325
33110307
19967304
25739133
50169258
19787999
32239609
44317220
532825
27798233
68212693
26530897
21014987
20533841
26851284
60729817
20962682
21428926
57029178
25479108
51589239
23050296
24803075
19088327
19969614
32490785
39724091
5908
68149231
44979338
30206248
19648146
22991783
35221469
22325691
62372968
32604173
19912360
54953447
60004918
292926
29200584
390600
25738593
20971952
26492102
36119978
307822
581716
7250
19674238
19024580
42762376
74673
22507642
31670053
28661557
55414883
44879120
21701239
19199530
21542029
39630512
19470447
138243
23623012
31209421
19698094
23162732
21238911
22300476
31014009
20131827
19061980
19732914
24889598
21208280
21050172
21103810
55679403
22946930
34687275
21193669
47744439
44989362
48717216
21490433
26082266
49943354
36450379
43197599
64887680
40835255
69709179
23534118
24494578
47836799
22478427
29248275
26676087
23747766
46810093
22059766
23350752
22479740
23479635
66299085
43230548
34925733
30871780
20901439
44979324
61919858
37370762
36733439
21332616
28039649
20389591
